334871098693444050764541188565732179050910528528510877325588046576283264346296918569997284718415743986088373194100535621615980112681123587874403465058623701574891824084654983586679192047428033715751656620274353345538903594983426288631864315170913562045541201425515238151881333219110407127424724217280873022539855560704
425259008000
2707685248164858261307045101702230179137145581421695874189921465443966120903931272499975005961073806735733604454495675614232576
164508123002098408340315353776904955448918680590782979730127180450855069545444690809463970550717041
2667187242272874897499357085396257882328917462523030628474478492632481628009292251555958266115223239635463235829171503870384014810492683859409465928374575685975871148987449164450369890978288837736286257431105765376
571422431826097723238281300663318394618482042335255549064960568952133256637666084550133968881954189488639868209835755869324477862158807301737727968987833350376292789599433438265344
2010100401887551762553252647796736
4139418780426554050628213808243640587319823809301262342118023500014727073087135975125268999856203909260176071433468685373117616526687598364378485332337813250907937177600000000000000000000000000000000000000000000000000000000000000000000
17859666062542760491353717070837200731422209371133213107688383403804362005185171225865055715675969732391286486335488
93279876984438544294491054473612152383061351281979688835102639068567895633171708212051429864099602296824165542355861189004887215819710053406309131876904167446312520635244055820636481418456400930371843653503704855640059813971273360010865702119670572657236467523703991598825078784
11871492905624297742126383355270122186937889190641867379348885765807304570946550004361808874828792166075549161593946754681509560635842385340523373685034725443572808971651989024254384146705118412872152936377464530401169863531267063966359730160355787533581769501819272834420019
559194157082901575538275683846654089647591870085555593540578023853612220968117794617414402625853903121284319567435826856989431566115850523018084794592775970035487825164191287250118948551776721548496272234550778658816
598488882256079424
42968652145831306682659509016396617053106152056619609499339547114885986919900815635111499680102804994185113182163519528964867608470259812444289135916149266713516830328283318587783072118382298508015391348187201536
13703277223523221219433362313025801636536040755174924956117940937101787
1499190180894689716765355704694607973528408870638186234957433367155187619490636173448762125705653577381324851967292488552629947662353515625
39725019609560474102742191307249184012925930865029172520880776251893314949640090233183623693657191328651476132344343296773611
3858208219791865703533866094518651121550702183949041113395455384928262463023180697296091882151662160031015759707558360181316478460499966917742127528550923772739369522532656600866667626496
135297701585456898885145051123712778235488399289601960415345506930936963317562443121602066970050560000000000000000000000000000000000000000000000000
1350571686708832152540938380931547726504504680633544921875